	Boron in Silicon							Phosphorus in Silicon							Arsenic in Silicon				Arsenic in SiO2			
	dE/dx		Straggling			Straggling		dE/dx		Straggling			Straggling		dE/dx		Straggling		dE/dx		Straggling	
"
keV"	Elec.	"Range
A"	Long	Lateral	"Range
A"	Long	Lateral	Elec.	"Range
A"	Long	Lateral	"Range
A"	Long	Lateral	Elec.	"Range
A"	Long	Lateral	Elec.	"Range
A"	Long	Lateral
1	0.1237	56	45	34	51	36	26	0.1234	35	21	15	31	17	12	0.08701	35	16	11	0.07682	32	13	9
1.1	0.1297	61	48	36	55	38	28	0.1294	37	22	16	33	17	13	0.09125	36	16	12	0.08057	34	13	10
1.2	0.1355	65	51	38	59	41	30	0.1352	39	23	17	35	18	13	0.09531	38	17	12	0.08415	35	14	10
1.3	0.141	69	54	40	63	43	31	0.1407	41	24	17	37	19	14	0.0992	39	18	13	0.08759	37	14	10
1.4	0.1464	73	57	42	67	45	33	0.146	42	25	18	39	20	14	0.1029	41	18	13	0.09089	38	15	11
1.5	0.1515	77	59	44	71	48	35	0.1511	44	26	19	40	20	15	0.1066	42	19	14	0.09408	40	15	11
1.6	0.1565	81	62	46	75	50	36	0.1561	46	27	20	42	21	16	0.1101	44	19	14	0.09717	41	16	11
1.7	0.1613	85	65	47	79	52	38	0.1609	48	28	20	44	22	16	0.1134	45	20	14	0.1002	42	16	12
1.8	0.166	89	67	49	82	54	39	0.1655	50	29	21	45	23	17	0.1167	46	20	15	0.1031	43	16	12
2	0.1749	97	72	53	90	58	42	0.1745	53	31	22	49	24	18	0.123	49	21	16	0.1086	46	17	13
2.25	0.1855	107	78	58	99	64	46	0.1851	57	33	24	52	26	19	0.1305	52	22	16	0.1152	49	18	13
2.5	0.1956	117	84	62	109	69	50	0.1951	62	35	25	56	27	20	0.1376	55	23	17	0.1215	52	19	14
2.75	0.2051	126	90	66	118	74	54	0.2046	66	37	27	60	29	21	0.1443	58	25	18	0.1274	54	20	15
3	0.2142	136	96	71	128	79	57	0.2137	70	38	28	64	30	22	0.1507	61	26	19	0.1331	57	21	15
3.25	0.223	145	102	75	137	84	61	0.2224	74	40	29	67	32	23	0.1569	64	27	20	0.1385	59	21	16
3.5	0.2314	155	107	79	147	89	64	0.2308	77	42	31	71	33	25	0.1628	66	27	20	0.1437	62	22	17
3.75	0.2395	164	113	83	156	94	68	0.2389	81	44	32	74	35	26	0.1685	69	28	21	0.1488	64	23	17
4	0.2474	174	118	87	165	99	71	0.2468	85	46	33	78	36	27	0.174	71	29	22	0.1536	67	24	18
4.5	0.2624	193	129	95	184	108	78	0.2617	92	49	36	85	39	29	0.1846	76	31	23	0.163	71	25	19
5	0.2766	212	139	103	203	118	85	0.2759	100	52	38	92	42	31	0.1946	81	33	24	0.1718	76	26	20
5.5	0.2901	231	149	110	222	127	92	0.2894	107	56	41	98	44	33	0.204	86	34	26	0.1802	80	28	21
6	0.303	250	159	118	241	136	99	0.3022	114	59	43	105	47	35	0.2131	90	36	27	0.1882	85	29	22
6.5	0.3154	268	168	125	261	145	105	0.3146	121	62	45	112	49	36	0.2218	95	37	28	0.1958	89	30	23
7	0.3273	287	178	132	280	154	112	0.3265	128	65	48	118	52	38	0.2302	99	39	29	0.2032	93	31	24
8	0.3499	325	196	146	318	171	125	0.349	142	71	52	131	57	42	0.2461	107	41	31	0.2173	101	33	26
9	0.3711	362	214	160	357	187	137	0.3702	155	77	56	144	62	45	0.261	116	44	33	0.2305	108	36	27
10	0.3912	400	231	173	396	204	150	0.3902	169	83	60	157	66	49	0.2751	124	47	35	0.2429	116	38	29
11	0.4103	437	248	187	435	220	163	0.4092	182	88	64	169	71	52	0.2886	131	49	37	0.2548	123	40	31
12	0.4285	475	264	200	475	235	175	0.4274	195	94	68	182	76	55	0.3014	139	51	39	0.2661	130	42	32
13	0.446	512	280	212	514	251	187	0.4449	209	99	72	194	80	59	0.3137	146	54	41	0.277	137	43	34
14	0.4628	549	295	225	554	265	199	0.4617	222	105	76	207	85	62	0.3255	154	56	43	0.2874	144	45	35
15	0.4791	587	310	237	593	280	211	0.4779	235	110	80	219	89	65	0.337	161	58	45	0.2975	151	47	37
16	0.4948	624	324	249	633	294	223	0.4936	248	115	84	232	93	68	0.348	168	60	46	0.3073	158	49	38
17	0.51	661	338	261	672	308	235	0.5087	261	121	87	244	98	71	0.3587	175	63	48	0.3167	165	51	40
18	0.5248	698	352	272	712	322	246	0.5235	274	126	91	257	102	74	0.3691	182	65	50	0.3259	171	52	41
20	0.5532	771	379	295	791	348	269	0.5518	300	136	98	282	111	81	0.3891	196	69	53	0.3435	184	56	44
22.5	0.591	863	410	323	889	380	297	0.5853	332	149	107	313	122	88	0.4127	213	74	57	0.3644	200	60	47
25	0.6449	952	439	350	987	409	324	0.6169	364	161	116	344	132	96	0.435	230	79	61	0.3841	216	64	50
27.5	0.6955	1038	465	375	1082	436	350	0.6471	396	173	124	376	143	103	0.4563	246	84	65	0.4028	232	68	54
30	0.7417	1122	490	399	1176	462	375	0.6758	429	185	133	407	153	110	0.4765	262	89	68	0.4208	247	72	57
32.5	0.7834	1204	512	422	1268	486	399	0.7034	461	197	141	439	163	118	0.496	278	93	72	0.4379	262	76	60
35	0.821	1284	534	444	1359	509	423	0.73	494	209	150	471	174	125	0.5147	294	98	76	0.4545	278	79	63
37.5	0.8551	1364	554	464	1448	531	445	0.7556	526	221	158	503	184	132	0.5328	310	102	79	0.4704	293	83	66
40	0.886	1442	573	484	1536	551	467	0.7804	559	232	166	535	194	139	0.5503	326	107	83	0.4859	308	87	69
45	0.9407	1595	609	522	1710	590	508	0.8277	624	255	182	600	214	153	0.5837	357	116	90	0.5153	337	94	75
50	0.9874	1746	642	557	1881	625	546	0.8725	690	277	198	666	233	168	0.6152	388	124	96	0.5432	367	101	80
55	1.028	1895	673	591	2050	659	583	0.9151	756	298	214	732	253	182	0.6453	419	133	103	0.5697	396	108	86
60	1.063	2042	701	622	2216	689	618	0.9558	822	320	230	799	272	196	0.6739	449	141	109	0.595	426	115	91
65	1.094	2188	728	653	2380	719	651	1.01	888	341	245	866	291	210	0.7015	480	149	116	0.6193	455	122	97
70	1.121	2332	754	681	2543	746	683	1.073	954	361	261	933	309	224	0.7279	510	158	122	0.6427	484	129	102
80	1.169	2618	802	736	2864	797	743	1.188	1084	399	292	1068	345	253	0.7782	571	174	134	0.6871	542	142	113
90	1.211	2901	845	788	3180	844	799	1.289	1213	435	322	1203	380	281	0.8254	631	190	146	0.7288	601	156	123
100	1.249	3180	886	837	3491	887	852	1.376	1342	470	351	1337	413	308	0.8701	692	206	158	0.7682	660	169	134
110	1.286	3455	923	883	3797	926	902	1.453	1470	503	380	1473	445	335	0.9125	753	221	170	0.8057	718	182	144
120	1.323	3727	958	927	4098	963	949	1.521	1597	536	408	1608	476	362	0.9531	813	237	182	0.8415	778	195	154
130	1.359	3995	991	969	4394	997	994	1.583	1725	567	435	1744	506	389	0.992	875	252	194	0.8759	837	208	164
140	1.396	4259	1021	1009	4684	1028	1037	1.64	1852	597	462	1879	535	415	1.029	936	267	205	0.909	897	221	174
150	1.434	4519	1050	1047	4969	1058	1078	1.693	1979	626	489	2015	564	441	1.067	997	282	217	0.9418	957	234	184
160	1.472	4774	1076	1084	5248	1085	1116	1.743	2106	654	515	2151	592	467	1.171	1059	297	228	1.024	1017	246	194
170	1.511	5025	1101	1119	5522	1111	1153	1.789	2232	682	540	2287	619	493	1.256	1120	312	239	1.091	1078	259	204
180	1.55	5271	1125	1152	5791	1135	1188	1.833	2359	709	565	2423	646	518	1.326	1181	326	251	1.146	1138	271	214
200	1.631	5749	1169	1215	6311	1180	1254	1.914	2612	761	615	2696	697	567	1.435	1303	355	273	1.232	1259	296	234
225	1.733	6322	1218	1287	6933	1229	1329	2.008	2928	823	674	3036	758	627	1.533	1456	389	301	1.313	1412	327	259
250	1.837	6868	1260	1352	7524	1271	1396	2.096	3242	882	732	3374	816	686	1.609	1610	424	328	1.379	1567	357	283
275	1.941	7389	1297	1411	8088	1309	1456	2.182	3554	937	789	3711	871	743	1.677	1766	458	355	1.44	1724	387	308
300	2.043	7888	1329	1464	8625	1341	1511	2.267	3864	989	843	4045	923	798	1.743	1924	491	382	1.5	1883	417	332
325	2.145	8365	1359	1513	9140	1370	1560	2.351	4171	1039	896	4375	972	852	1.809	2082	525	409	1.56	2044	446	357
350	2.243	8824	1385	1558	9633	1396	1606	2.437	4474	1086	947	4702	1018	904	1.876	2243	557	436	1.622	2207	476	382
375	2.34	9265	1408	1600	10100	1419	1648	2.522	4774	1130	997	5025	1062	955	1.944	2404	590	462	1.684	2371	505	406
400	2.433	9690	1429	1638	10600	1440	1687	2.609	5069	1172	1045	5343	1103	1003	2.013	2566	622	489	1.748	2536	534	431
450	2.61	10500	1468	1707	11400	1478	1755	2.785	5647	1251	1137	5964	1180	1096	2.15	2892	685	542	1.876	2870	591	480
500	2.774	11300	1501	1767	12200	1511	1815	2.964	6207	1321	1223	6566	1250	1183	2.285	3221	746	595	2.004	3207	647	530
550	2.925	12000	1530	1820	13000	1538	1868	3.145	6749	1384	1303	7148	1312	1264	2.418	3551	806	647	2.13	3546	701	579
600	3.062	12700	1555	1868	13700	1562	1915	3.327	7272	1441	1378	7709	1368	1340	2.547	3881	864	700	2.254	3888	754	628
650	3.186	13300	1577	1911	14400	1584	1957	3.51	7777	1493	1448	8251	1419	1410	2.672	4213	920	751	2.375	4230	805	677
700	3.299	14000	1597	1951	15100	1603	1996	3.692	8266	1540	1514	8775	1465	1476	2.793	4544	974	802	2.493	4573	855	725
800	3.493	15200	1636	2021	16400	1640	2063	4.051	9194	1624	1632	9771	1548	1595	3.025	5206	1079	903	2.72	5260	953	821
900	3.649	16400	1670	2082	17600	1671	2120	4.401	10100	1694	1737	10700	1617	1700	3.246	5864	1178	1001	2.936	5946	1045	915
1000	3.775	17500	1699	2137	18700	1698	2170	4.74	10900	1754	1830	11600	1676	1793	3.458	6519	1271	1097	3.144	6629	1132	1006
1100	3.875	18600	1726	2186	19900	1722	2215	5.064	11700	1806	1914	12400	1727	1876	3.663	7168	1359	1190	3.344	7306	1214	1095
1200	3.955	19700	1750	2231	20900	1743	2255	5.375	12400	1851	1989	13200	1771	1951	3.863	7810	1441	1280	3.538	7978	1292	1181
1300	4.018	20800	1773	2273	22000	1763	2292	5.671	13100	1891	2057	14000	1810	2018	4.059	8445	1520	1367	3.728	8643	1365	1265
1400	4.067	21800	1794	2312	23000	1780	2326	5.952	13800	1927	2119	14700	1844	2079	4.253	9072	1594	1452	3.915	9301	1434	1347
1500	4.105	22900	1814	2349	24000	1797	2357	6.219	14400	1959	2175	15400	1875	2135	4.444	9691	1664	1534	4.099	9950	1500	1426
1600	4.134	23900	1833	2384	25000	1812	2386	6.472	15100	1988	2228	16000	1902	2186	4.634	1.03	1730	1614	4.281	10600	1562	1502
1700	4.156	24900	1851	2417	25900	1827	2414	6.711	15700	2014	2276	16700	1928	2234	4.823	1.09	1792	1690	4.462	11200	1622	1576
1800	4.171	26000	1868	2450	26900	1841	2440	6.939	16300	2038	2322	17300	1950	2278	5.01	1.15	1852	1765	4.642	11800	1678	1648
2000	4.188	28000	1912	2511	28800	1876	2489	7.358	17400	2084	2404	18500	1994	2357	5.384	1.26	1964	1906	4.999	13100	1785	1784
2250	4.189	30600	1971	2582	31100	1923	2544	7.825	18700	2134	2493	19900	2042	2443	5.85	1.4	2091	2069	5.445	14500	1907	1942
2500	4.178	33100	2028	2649	33400	1966	2595	8.236	20000	2177	2572	21200	2082	2517	6.313	1.54	2202	2219	5.891	15900	2014	2087
2750	4.159	35700	2082	2713	35600	2007	2642	8.601	21300	2215	2642	22400	2117	2582	6.773	1.66	2301	2357	6.336	17300	2108	2221
3000	4.135	38300	2134	2774	37900	2047	2687	8.927	22400	2249	2705	23600	2147	2640	7.23	1.79	2389	2484	6.782	18600	2192	2343
